 0.0225
-0.044
-0.0591
0.0227
0.0077
0.0432
0.0455
0.0171
0.0229
-0.0313
0.0223
0.0166
-0.0208
0.0477
0.0065
0.0172
0.0522
-0.0094
0.065
0.0445
0.0432
-0.0531
0.0678
0.019
-0.0051
-0.0176
0.1083
0.0324
0.0127
-0.0405
0.0125
0.0741
0.024
0.0145
0.1199
0.0029
0.0571
-0.0058
-0.0023
0.0161
-0.0428
0.1124
0.0456
0.098
-0.0489
-0.1993
-0.1337
0.0253
0.0625
0.0215
0.0799
-0.0095
-0.0165
-0.1646
0.0367
0.0075
-0.1301
-0.0888
-0.0218
-0.0742
0.0489
0.1144
-0.0692
-0.0959
-0.1372
0.139
-0.0742
0.0095
-0.2994
0.0844
-0.0978
-0.1453
-0.0283
0.0507
-0.1182
-0.2025
-0.2333
-0.0089
0.377
0.3754
-0.0369
-0.1386
-0.0589
0.0519
0.0073
-0.1844
0.0336
0.4222
0.1587
0.1317
-0.088
0.1146
-0.1136
-0.0885
0.1027
0.0223
0.1059
-0.0367
-0.0009
-0.027
-0.0813
0.0208
-0.1152
0.0541
-0.0055
-0.0319
0.0829
-0.0042
-0.0421
-0.0396
-0.0309
0.0956
0.0323
0.0678
0.0831
0.0217
0.0239
0.0751
0.0393
0.0371
0.0655
0.0168
0.0254
-0.0771
0.0458
0.0306
0.0681
0.0088
0.0013
0.075
0.0041
-0.0058
0.0378
0.0146
-0.0094
-0.0831
-0.0103
-0.0529
0.1026
-0.0554
-0.1421
-0.1017
-0.1011
-0.0504
0.0133
0.0608
-0.2504
0.1412
-0.0443
0.247
0.0727
-0.0274
0.0149
0.076
-0.0334
0.0377
-0.0689
0.0325
-0.1354
-0.0055
0.0623
-0.0638
0.1087
-0.0714
0.1646
-0.0146
-0.0491
0.0238
-0.0352
0.0066
0.0099
-0.0049
-0.2395
0.0766
0.0311
0.0262
0.0095
0.0394
-0.0424
-0.0028
-0.0482
-0.0149
0.004
-0.0653
0.0043
0.0535
0.0548
-0.0087
-0.0097
-0.0686
-0.0421
-0.0451
0.0138
-0.025
-0.0675
-0.0437
0.064
0.0184
0.0313
0.007
0.0267
0.0644
-0.0138
0.0517
0.0716
0.0506
0.0527
0.0009
0.0449
0.0198
-0.0543
0.0103
0.0237
-0.0132
-0.0755
0.059
0.0154
-0.0025
0.0169
-0.0125
0.0404
0.051
-0.0208
0.0087
-0.0031
0
0.0039
0.0351
0.0143
0.0616
-0.0462
0.088
0.0115
-0.0033
-0.0201
0.058
0.0419
0.0303
0.0324
0.0099
0.0697
-0.0695
0.0463
0.0376
0.0224
-0.0391
-0.0255
-0.0729
-0.1015
-0.008

