     3364.250000000000000
     3152.100000000000000
     4735.480000000000000
     3235.780000000000000
     4141.170000000000000
     3742.120000000000000
     3784.890000000000000
     3930.510000000000000
     3866.810000000000000
     3599.750000000000000
     3735.660000000000000
     3800.720000000000000
     4092.630000000000000
     3654.370000000000000
     4709.550000000000000
     3685.950000000000000
     4381.120000000000000
     4072.760000000000000
     3945.510000000000000
     4146.670000000000000
     3772.890000000000000
     4027.160000000000000
     4345.030000000000000
     3164.840000000000000
     3009.030000000000000
     2146.250000000000000
     2169.500000000000000
     2097.370000000000000
     2521.320000000000000
     2052.450000000000000
     2486.100000000000000
     2374.650000000000000
     2425.830000000000000
     2983.060000000000000
     2806.140000000000000
     2743.400000000000000
     1733.980000000000000
     1498.940000000000000
     1730.590000000000000
     1787.150000000000000
     1908.330000000000000
     1672.730000000000000
     2044.300000000000000
     1720.770000000000000
     1787.230000000000000
     2245.470000000000000
     2264.420000000000000
     1889.550000000000000
