14.79
10.24
9.48
10.62
14.41
10.24
8.72
11
10.62
8.72
7.96
6.44
7.58
7.96
6.82
6.44
6.82
6.44
7.2
6.82
9.48
11
9.86
11
11
9.48
7.96
8.72
9.1
11
9.48
9.48
9.1
9.1
10.62
10.24
11.38
11
10.62
9.1
10.62
10.62
9.86
10.24
10.62
10.24
11
8.34
7.96
6.44
7.96
8.72
7.58
6.82
6.82
5.3
4.92
4.92
5.3
8.34
5.3
6.44
7.96
6.06
9.48
5.68
4.54
5.3
4.17
6.44
6.44
6.82
6.82
8.72
6.44
7.58
6.82
7.2
6.82
5.68
4.54
4.54
6.06
7.58
7.58
8.72
9.86
9.86
9.1
7.2
6.44
5.3
5.3
7.2
10.24
9.1
4.92
4.92
6.82
6.82
4.54
4.54
6.44
6.82
7.96
8.34
5.3
5.68
4.92
3.41
2.65
3.03
5.3
3.41
5.3
4.54
4.54
3.79
3.41
3.41
3.03
4.17
4.92
4.17
3.79
4.54
3.41
4.92
6.44
5.3
6.44
6.82
5.3
6.44
7.2
9.1
9.86
9.1
8.34
8.72
7.96
7.96
7.96
9.1
9.1
9.1
9.86
10.62
8.72
7.96
7.2
7.2
7.2
7.58
8.34
8.72
7.96
7.2
7.58
6.82
8.34
7.96
7.58
8.72
8.34
7.2
7.2
7.2
6.82
7.2
6.82
5.68
4.92
4.54
5.3
6.44
5.68
6.82
6.44
5.3
5.3
6.44
4.92
5.3
6.44
5.3
4.92
4.54
4.54
4.92
5.68
6.44
6.06
4.17
5.68
7.96
4.92
6.06
5.68
9.1
9.86
7.58
5.68
6.44
8.72
7.96
8.34
7.96
8.72
6.82
5.68
4.54
5.3
6.44
6.44
8.34
9.1
9.1
7.96
10.62
8.72
8.72
10.24
8.72
7.2
7.2
6.06
7.58
9.86
10.62
9.86
10.24
10.62
8.72
9.1
9.48
9.1
9.48
7.96
7.96
6.06
4.92
4.17
4.17
3.79
1.13
2.27
4.17
4.17
3.41
2.65
2.27
5.3
4.54
3.79
3.79
6.44
3.79
3.41
3.03
4.17
3.79
2.65
3.03
4.17
4.17
4.54
4.54
5.3
4.17
5.3
4.92
5.3
5.68
4.92
6.44
6.44
6.82
5.3
7.96
8.34
8.34
8.34
9.48
11.76
10.24
10.24
9.86
11.38
10.62
10.24
9.86
9.86
9.48
9.48
11
9.48
11
11
12.13
11
10.24
9.86
10.62
9.86
9.48
9.1
7.58
9.1
8.72
8.34
9.48
10.24
8.72
7.2
7.96
6.44
7.96
7.2
7.2
7.2
6.44
7.58
6.82
5.68
7.2
7.2
6.44
8.34
7.58
7.96
5.3
4.92
4.54
5.3
5.68
2.65
4.92
3.79
4.17
4.17
4.54
5.3
4.92
3.03
3.03
4.92
4.54
4.17
5.3
4.17
3.41
2.65
2.27
2.65
2.65
1.89
3.03
3.41
2.27
2.27
2.65
2.27
3.79
3.79
2.65
3.41
2.27
3.41
2.65
3.03
3.03
2.27
1.89
3.03
1.51
2.27
2.27
2.27
1.51
1.51
1.13
1.51
1.51
1.13
0.37
1.13
1.13
0.37
0.37
0.37
0.37
1.89
1.89
1.89
2.27
2.65
3.03
1.89
2.27
1.89
1.89
2.27
1.89
1.89
1.51
3.03
2.65
1.89
1.89
2.27
1.89
2.27
3.03
4.17
3.79
4.17
3.79
3.79
4.54
4.92
4.17
4.17
5.68
6.44
7.2
7.96
7.2
6.06
8.72
8.72
7.2
8.72
9.1
9.86
10.24
10.62
10.24
8.72
11.38
10.24
10.62
9.48
11.38
9.86
11.38
10.62
11
12.51
11
11
13.27
11.38
10.62
12.13
11.76
12.51
11.38
10.62
11
10.62
9.48
10.62
10.62
9.1
10.62
9.86
6.44
6.82
6.06
6.82
9.1
7.2
6.44
4.92
4.17
5.3
4.92
6.82
7.2
5.3
3.41
5.68
7.58
8.34
7.2
5.3
3.79
4.17
4.92
4.92
4.54
5.3
4.92
3.41
4.54
5.3
4.92
5.3
4.92
6.06
7.2
9.1
8.72
8.72
8.72
9.1
8.72
8.34
9.48
10.24
6.44
7.58
7.96
8.72
7.2
7.58
4.92
4.54
4.17
6.44
5.3
6.44
5.68
6.82
5.68
4.92
4.92
6.06
6.06
6.44
6.82
4.54
4.92
4.54
4.54
3.41
3.03
3.41
2.65
3.41
5.3
8.34
10.62
9.86
9.48
7.2
7.2
8.34
7.2
9.1
6.82
5.3
3.79
4.92
6.06
6.82
5.3
4.54
5.3
9.86
7.96
6.06
6.82
4.54
4.17
4.54
4.54
6.82
4.17
5.68
6.06
6.44
7.2
7.2
9.1
9.86
9.48
7.58
10.24
9.48
8.72
7.58
10.24
10.24
9.48
5.68
6.82
8.72
9.86
11
9.86
9.86
9.86
9.48
9.86
10.62
9.86
10.62
10.62
11
11
11
10.24
10.62
9.86
9.48
10.24
9.48
8.34
11.38
11.38
10.24
9.48
7.58
6.06
6.06
4.92
6.06
5.68
6.82
6.06
4.92
6.44
6.44
6.06
5.68
7.58
6.82
7.2
7.2
6.06
6.06
6.82
6.82
4.92
3.03
2.27
1.51
1.51
2.65
2.27
2.65
3.41
3.79
1.51
1.89
1.89
2.27
0.37
1.89
4.54
7.2
6.44
5.68
6.44
5.3
6.06
6.06
6.82
6.06
5.3
4.17
3.41
4.17
4.92
3.03
1.51
2.65
2.65
3.41
3.03
2.65
2.27
0.37
0.37
1.89
2.27
1.89
1.89
0.37
0.37
0.37
0.37
1.51
0.37
0.37
0.37
2.27
2.65
1.89
0.37
0.37
0.37
0.37
0.37
1.89
1.51
2.65
3.41
2.65
1.89
4.17
4.17
2.27
1.89
0.37
2.65
1.13
1.89
2.27
1.89
3.79
4.17
3.03
4.54
4.17
3.41
2.27
3.41
3.41
5.68
5.3
5.3
7.2
8.72
6.82
9.1
7.58
7.96
6.82
7.2
8.34
8.34
8.34
7.58
7.58
9.1
8.72
7.96
7.96
6.82
6.82
7.2
6.44
7.58
7.2
6.82
7.58
11.76
11.38
10.24
11
15.55
15.55
11.38
13.27
14.79
16.31
15.17
12.51
11.76
11.76
11.76
10.62
9.48
11
10.62
12.13
12.13
10.62
10.24
9.86
11
12.51
14.79
14.79
11
12.13
14.41
13.65
13.27
11
7.96
7.96
9.48
12.13
11.76
11.38
11.38
9.86
10.62
9.1
8.72
8.34
7.2
4.92
3.79
3.79
3.03
5.3
6.06
5.68
6.82
5.68
7.58
6.82
6.82
5.3
4.54
3.79
4.54
5.3
4.92
3.79
4.92
4.17
5.3
4.92
5.68
4.92
4.54
4.54
4.54
4.54
2.27
4.17
3.79
2.65
4.92
3.41
3.79
2.27
3.79
3.79
5.3
4.92
4.54
4.92
4.92
3.41
3.41
3.41
4.54
4.54
3.79
3.41
4.17
3.41
2.65
4.17
3.79
6.06
7.96
7.96
7.96
6.82
6.82
4.92
6.82
7.58
7.2
8.72
8.72
8.34
8.72
9.1
7.58
6.06
6.06
7.58
6.82
6.06
5.68
7.2
6.06
5.68
7.2
6.82
6.44
6.06
5.68
6.06
5.68
5.68
4.92
5.68
5.3
4.92
6.06
5.68
5.68
6.06
4.92
5.3
3.79
3.41
2.27
2.65
3.41
1.89
1.89
2.65
1.51
0.37
0.37
0.37
2.27
2.27
2.27
3.03
1.51
3.03
6.06
5.3
4.54
4.54
5.68
4.54
3.79
3.41
3.03
2.27
2.65
0.37
1.51
3.03
3.79
3.41
1.89
1.13
2.65
1.89
0.37
0.37
1.51
0.37
1.13
3.03
5.3
5.68
5.3
2.27
3.79
9.48
6.44
4.17
6.44
4.92
4.92
6.82
6.44
1.89
1.51
1.51
1.89
1.89
3.03
4.17
4.54
4.54
4.17
3.79
3.41
5.3
4.54
4.54
4.54
4.17
3.79
6.82
6.06
6.82
7.2
6.82
5.68
4.54
4.92
4.54
6.06
7.58
8.72
7.58
8.72
9.1
8.72
9.1
9.1
8.34
9.1
11
11.38
9.86
10.62
9.86
11.38
11.76
11.76
11.38
13.27
12.51
11.76
10.24
9.86
11.76
11
10.62
9.48
